tree   x   y   rad   votes   z_min   z_max   points
1   -7.42379   1.24825   0.15   17   -0.6   -0.1   994   
1   -7.42832   1.23424   0.15   19   -0.1   0.4   963   
1   -7.43184   1.24074   0.15   22   0.4   0.9   776   
1   -7.44888   1.23384   0.125   15   0.9   1.4   566   
1   -7.44855   1.24655   0.125   19   1.4   1.9   435   
1   -7.43769   1.25345   0.125   23   1.9   2.4   341   
1   -7.43454   1.27229   0.125   22   2.4   2.9   257   
1   -7.42869   1.28205   0.125   22   2.9   3.4   222   
1   -7.44894   1.3037   0.125   23   3.4   3.9   202   
1   -7.42666   1.31595   0.125   24   3.9   4.4   125   
1   -7.44367   1.32306   0.125   20   4.4   4.9   111   
1   -7.45073   1.31868   0.125   21   4.9   5.4   106   
1   -7.44326   1.32434   0.1   19   5.4   5.9   92   
1   -7.44631   1.30342   0.1   17   5.9   6.4   99   
1   -7.456   1.33643   0.1   16   6.4   6.9   86   
1   -7.43874   1.32562   0.1   16   6.9   7.4   86   
1   -7.43814   1.34295   0.1   19   7.4   7.9   67   
1   -7.46054   1.32822   0.1   18   7.9   8.4   73   
1   -7.43955   1.33271   0.1   21   8.4   8.9   87   
1   -7.45178   1.34284   0.1   15   8.9   9.4   69   
1   -7.48852   1.33992   0.1   18   9.4   9.9   61   
1   -7.49011   1.32139   0.1   14   9.9   10.4   67   
1   -7.45488   1.35358   0.1   15   10.4   10.9   91   
1   -7.47958   1.35473   0.1   13   10.9   11.4   55   
1   -7.45338   1.34979   0.1   11   11.4   11.9   44   
1   -7.46168   1.35214   0.1   13   11.9   12.4   55   
1   -7.47394   1.28993   0.1   10   12.4   12.9   91   
1   -7.4459   1.39295   0.1   11   12.9   13.4   60   
1   -7.59165   1.45837   0.1   9   13.4   13.9   89   
1   -7.91989   0.808881   0.075   8   13.9   14.4   63   
1   -7.48894   1.45015   0.05   7   14.4   14.9   49   
1   -7.42565   1.49673   0.05   6   14.9   15.4   35   
1   -7.61614   1.55272   0.075   6   15.4   15.9   50   
1   -7.94413   1.48541   0.075   7   15.9   16.4   76   
1   -7.45495   1.46436   0.075   6   16.4   16.9   69   
1   -7.42297   1.45416   0.075   6   16.9   17.4   27   
1   -7.58559   0.98144   0.075   6   17.4   17.9   87   
1   -7.08276   1.17187   0.075   6   17.9   18.4   82   
1   -7.68705   0.967546   0.075   6   18.4   18.9   68   
1   -7.98858   1.0111   0.075   4   18.9   19.4   56   
1   -7.35822   1.44434   0.025   3   19.4   19.9   16   
1   -7.45031   1.39105   0.025   3   19.9   20.4   32   
1   -7.61892   1.21805   0.025   3   20.4   20.9   34   
1   -8.01405   1.44602   0.05   3   20.9   21.4   12   
1   -7.00936   1.70134   0.05   3   21.4   21.9   15   
2   -7.20568   4.39556   0.175   34   -0.6   -0.1   562   
2   -7.20713   4.4152   0.175   28   -0.1   0.4   553   
2   -7.23977   4.46116   0.15   21   0.4   0.9   475   
2   -7.24379   4.48394   0.15   23   0.9   1.4   422   
2   -7.23817   4.50598   0.15   28   1.4   1.9   429   
2   -7.218   4.51403   0.15   30   1.9   2.4   429   
2   -7.23265   4.5346   0.15   30   2.4   2.9   378   
2   -7.22276   4.54715   0.15   29   2.9   3.4   285   
2   -7.21122   4.54186   0.15   27   3.4   3.9   219   
2   -7.206   4.54477   0.125   26   3.9   4.4   133   
2   -7.19203   4.5417   0.125   23   4.4   4.9   122   
2   -7.19886   4.56677   0.125   26   4.9   5.4   111   
2   -7.17703   4.58584   0.125   29   5.4   5.9   97   
2   -7.16453   4.59723   0.125   25   5.9   6.4   85   
2   -7.1423   4.61125   0.125   24   6.4   6.9   79   
2   -7.12964   4.64167   0.125   21   6.9   7.4   76   
2   -7.12247   4.62818   0.125   22   7.4   7.9   103   
2   -7.10586   4.64455   0.125   19   7.9   8.4   83   
2   -7.09611   4.67173   0.125   18   8.4   8.9   58   
2   -7.09286   4.69673   0.125   20   8.9   9.4   69   
2   -7.06907   4.72172   0.125   20   9.4   9.9   64   
2   -7.07953   4.74673   0.1   11   9.9   10.4   64   
2   -7.05354   4.74673   0.1   13   10.4   10.9   58   
2   -7.0374   4.74673   0.1   12   10.9   11.4   65   
2   -7.04999   4.74673   0.1   14   11.4   11.9   43   
2   -7.02499   4.77173   0.1   14   11.9   12.4   42   
2   -7.04434   4.77173   0.1   11   12.4   12.9   67   
2   -7.02499   4.81598   0.1   12   12.9   13.4   37   
2   -7.02249   4.82173   0.1   13   13.4   13.9   62   
2   -6.83847   4.52101   0.075   10   13.9   14.4   78   
2   -6.77981   4.35723   0.075   7   14.4   14.9   84   
2   -7.03699   4.8529   0.075   7   14.9   15.4   74   
2   -7.11372   4.85949   0.075   6   15.4   15.9   56   
2   -7.22361   4.65936   0.025   4   15.9   16.4   46   
2   -7.45371   4.11875   0.05   4   16.4   16.9   46   
2   -7.03184   4.92472   0.075   6   16.9   17.4   55   
2   -6.697   4.03435   0.075   5   17.4   17.9   53   
2   -7.07942   4.9578   0.075   6   17.9   18.4   46   
2   -7.20224   4.95845   0.075   6   18.4   18.9   65   
2   -7.10272   3.93266   0.05   5   18.9   19.4   80   
2   -6.87288   4.87441   0.05   5   19.4   19.9   74   
2   -7.48711   4.33277   0.075   5   19.9   20.4   41   
2   -6.99426   4.95951   0.075   5   20.4   20.9   44   
2   -7.12175   3.85768   0.05   4   20.9   21.4   30   
2   -7.26801   3.90857   0.025   3   21.4   21.9   23   
2   -7.26479   4.36448   0.025   3   21.9   22.4   17   
2   -7.65392   3.96955   0.025   3   22.4   22.9   24   
2   -7.78975   4.83193   0.05   3   22.9   23.4   14   
3   -7.27518   -1.68175   0.1   14   -0.6   -0.1   113   
3   -7.28261   -1.66916   0.1   12   -0.1   0.4   113   
3   -7.28002   -1.65327   0.1   14   0.4   0.9   109   
3   -7.2829   -1.65327   0.1   15   0.9   1.4   110   
3   -7.28819   -1.62827   0.1   17   1.4   1.9   161   
3   -7.28426   -1.60327   0.1   18   1.9   2.4   166   
3   -7.29514   -1.58583   0.1   15   2.4   2.9   187   
3   -7.28455   -1.5539   0.1   23   2.9   3.4   185   
3   -7.28074   -1.54321   0.1   22   3.4   3.9   168   
3   -7.25047   -1.4921   0.1   17   3.9   4.4   139   
3   -7.29049   -1.45327   0.1   15   4.4   4.9   131   
3   -7.25291   -1.40327   0.075   17   4.9   5.4   104   
3   -7.24408   -1.35327   0.075   17   5.4   5.9   123   
3   -7.22842   -1.32827   0.075   12   5.9   6.4   97   
3   -7.20762   -1.27827   0.075   16   6.4   6.9   85   
3   -7.21175   -1.22827   0.075   16   6.9   7.4   86   
3   -7.19999   -1.15327   0.075   14   7.4   7.9   78   
3   -7.17499   -1.12827   0.075   12   7.9   8.4   53   
3   -7.16457   -1.10327   0.075   10   8.4   8.9   36   
3   -7.13501   -1.05327   0.075   7   8.9   9.4   19   
3   -7.61428   -2.16905   0.05   7   9.4   9.9   66   
3   -7.24721   -2.3013   0.075   12   9.9   10.4   175   
3   -7.03966   -1.08985   0.025   4   10.4   10.9   8   
3   -7.70113   -1.63332   0.05   8   10.9   11.4   68   
3   -7.02499   -1.41218   0.075   5   11.4   11.9   17   
3   -6.87499   -1.55327   0.075   5   11.9   12.4   14   
3   -7.47755   -1.10327   0.025   6   13.4   13.9   15   
3   -7.00935   -1.52827   0.025   3   15.4   15.9   13   
3   -7.64906   -1.22827   0.05   3   15.9   16.4   6   
3   -7.55539   -1.35801   0.075   5   16.4   16.9   25   
3   -7.56761   -1.32827   0.05   4   16.9   17.4   14   
3   -7.27373   -1.17011   0.05   3   17.9   18.4   16   
3   -7.74979   -2.11365   0.075   6   18.4   18.9   74   
3   -7.8853   -1.72839   0.05   4   18.9   19.4   63   
3   -7.58197   -2.22508   0.025   3   19.4   19.9   33   
3   -6.73599   -2.06554   0.025   3   19.9   20.4   18   
3   -7.27279   -2.19769   0.025   3   20.4   20.9   15   
3   -7.87722   -2.04489   0.05   3   20.9   21.4   16   
3   -6.95134   -2.26505   0.05   3   21.4   21.9   7   
4   -7.12008   7.1274   0.075   17   -0.6   -0.1   92   
4   -7.08855   7.16758   0.075   14   -0.1   0.4   81   
4   -7.05781   7.19791   0.075   14   0.4   0.9   86   
4   -7.03753   7.27173   0.075   16   0.9   1.4   85   
4   -7.03286   7.32173   0.075   15   1.4   1.9   74   
4   -6.97706   7.37173   0.075   16   1.9   2.4   73   
4   -6.92499   7.47173   0.075   14   2.4   2.9   77   
4   -6.87499   7.52173   0.075   14   2.9   3.4   75   
4   -6.84999   7.57173   0.075   15   3.4   3.9   67   
4   -6.77499   7.67173   0.075   13   3.9   4.4   65   
4   -6.74999   7.74673   0.075   9   4.4   4.9   45   
4   -6.68423   7.82173   0.075   5   4.9   5.4   14   
4   -6.84999   7.79673   0.05   5   5.4   5.9   11   
4   -6.37691   6.94678   0.025   3   16.4   16.9   6   
4   -7.01619   6.59466   0.05   4   16.9   17.4   33   
4   -7.35438   7.42508   0.075   6   17.4   17.9   106   
4   -6.84029   7.47519   0.075   5   17.9   18.4   27   
4   -7.03678   6.69416   0.05   5   18.4   18.9   42   
4   -6.68505   6.61449   0.05   4   18.9   19.4   49   
4   -7.5493   7.17652   0.05   4   19.4   19.9   27   
4   -7.35757   7.69867   0.075   4   19.9   20.4   7   
4   -7.18119   6.93541   0.025   3   20.9   21.4   14   
4   -6.53804   7.33766   0.025   3   21.4   21.9   10   
5   -4.50224   -4.92679   0.125   15   -0.6   -0.1   157   
5   -4.51837   -4.93755   0.125   22   -0.1   0.4   152   
5   -4.52098   -4.93363   0.125   18   0.4   0.9   154   
5   -4.52187   -4.92139   0.125   17   0.9   1.4   144   
5   -4.5077   -4.9293   0.125   21   1.4   1.9   138   
5   -4.50943   -4.94081   0.125   16   1.9   2.4   129   
5   -4.49148   -4.95022   0.125   16   2.4   2.9   123   
5   -4.49395   -4.91702   0.125   23   2.9   3.4   133   
5   -4.49669   -4.93259   0.125   23   3.4   3.9   120   
5   -4.49653   -4.95653   0.125   20   3.9   4.4   108   
5   -4.51137   -4.95063   0.125   16   4.4   4.9   102   
5   -4.49079   -4.93939   0.125   18   4.9   5.4   90   
5   -4.49004   -4.94967   0.125   18   5.4   5.9   83   
5   -4.45574   -4.93348   0.1   17   5.9   6.4   82   
5   -4.47399   -4.96211   0.1   14   6.4   6.9   76   
5   -4.46457   -4.91573   0.1   17   6.9   7.4   68   
5   -4.46542   -4.91138   0.1   20   7.4   7.9   66   
5   -4.46581   -4.91004   0.1   13   7.9   8.4   62   
5   -4.44471   -4.90418   0.1   15   8.4   8.9   53   
5   -4.44244   -4.8968   0.1   14   8.9   9.4   57   
5   -4.42595   -4.90838   0.1   13   9.4   9.9   55   
5   -4.41753   -4.88957   0.1   16   9.9   10.4   56   
5   -4.39082   -4.88437   0.1   12   10.4   10.9   73   
5   -4.41702   -4.89361   0.1   15   10.9   11.4   65   
5   -4.41642   -4.86397   0.1   10   11.4   11.9   77   
5   -4.37746   -4.89364   0.1   13   11.9   12.4   68   
5   -4.42465   -4.90422   0.1   10   12.4   12.9   66   
5   -4.46099   -4.86376   0.1   8   12.9   13.4   60   
5   -4.25345   -4.58392   0.1   9   13.4   13.9   84   
5   -4.38412   -4.85727   0.1   8   13.9   14.4   76   
5   -4.37817   -4.90896   0.1   8   14.4   14.9   51   
5   -4.38459   -4.86716   0.075   7   14.9   15.4   61   
5   -4.55328   -4.80567   0.075   7   15.4   15.9   42   
5   -4.52051   -4.97525   0.075   5   15.9   16.4   58   
5   -4.38903   -4.86551   0.05   4   16.4   16.9   36   
5   -4.57881   -4.8123   0.075   5   16.9   17.4   53   
5   -4.67715   -4.86996   0.075   5   17.4   17.9   38   
5   -4.37767   -4.78209   0.075   5   17.9   18.4   54   
5   -5.00552   -5.42107   0.075   5   18.4   18.9   60   
5   -4.47286   -4.75941   0.05   5   18.9   19.4   45   
5   -4.7917   -4.83785   0.075   4   19.4   19.9   55   
5   -4.4638   -4.61197   0.025   4   19.9   20.4   31   
5   -3.86613   -5.20643   0.025   3   20.4   20.9   26   
5   -4.66136   -5.10392   0.05   4   20.9   21.4   59   
5   -4.40997   -4.84628   0.05   3   21.4   21.9   24   
5   -4.71973   -4.3953   0.025   3   21.9   22.4   27   
5   -4.3789   -5.19226   0.025   3   22.4   22.9   13   
5   -4.13804   -5.17562   0.025   3   22.9   23.4   6   
5   -4.52686   -4.31265   0.025   3   23.4   23.9   7   
6   -4.27257   1.19645   0.1   15   -0.6   -0.1   185   
6   -4.26224   1.19812   0.1   18   -0.1   0.4   172   
6   -4.25699   1.204   0.1   18   0.4   0.9   161   
6   -4.234   1.22143   0.1   14   0.9   1.4   167   
6   -4.22502   1.23172   0.1   24   1.4   1.9   222   
6   -4.20931   1.24585   0.1   19   1.9   2.4   210   
6   -4.20371   1.24898   0.1   21   2.4   2.9   179   
6   -4.19109   1.2459   0.1   17   2.9   3.4   156   
6   -4.2136   1.23901   0.1   22   3.4   3.9   165   
6   -4.24324   1.23375   0.1   21   3.9   4.4   161   
6   -4.31229   1.21876   0.075   14   4.4   4.9   145   
6   -4.34892   1.21022   0.075   17   4.9   5.4   142   
6   -4.37375   1.19347   0.075   19   5.4   5.9   130   
6   -4.39719   1.17581   0.075   18   5.9   6.4   128   
6   -4.41478   1.17715   0.075   17   6.4   6.9   118   
6   -4.47819   1.18456   0.075   14   6.9   7.4   99   
6   -4.50365   1.20868   0.075   12   7.4   7.9   93   
6   -4.54068   1.20057   0.075   14   7.9   8.4   83   
6   -4.57716   1.20963   0.075   10   8.4   8.9   56   
6   -4.58757   1.26938   0.075   11   8.9   9.4   61   
6   -4.63411   1.25961   0.075   9   9.4   9.9   61   
6   -4.64492   1.31786   0.075   9   9.9   10.4   58   
6   -3.9347   1.58769   0.05   11   10.4   10.9   56   
6   -4.64897   1.31697   0.075   10   10.9   11.4   63   
6   -4.68505   1.33984   0.075   13   11.4   11.9   75   
6   -4.70492   1.35941   0.075   12   11.9   12.4   69   
6   -4.70896   1.38249   0.075   9   12.4   12.9   48   
6   -4.72044   1.3875   0.075   10   12.9   13.4   50   
6   -4.72611   1.40956   0.075   11   13.4   13.9   47   
6   -4.75528   1.34673   0.05   6   13.9   14.4   27   
6   -4.73064   1.42173   0.075   7   14.4   14.9   37   
6   -4.77127   1.49673   0.025   6   14.9   15.4   27   
6   -4.75091   1.48796   0.05   6   15.4   15.9   47   
6   -4.71063   1.54545   0.075   7   15.9   16.4   45   
6   -4.71253   1.52141   0.075   5   16.4   16.9   19   
6   -4.805   1.57173   0.025   5   16.9   17.4   28   
6   -4.69174   1.48491   0.025   3   17.4   17.9   22   
6   -3.70786   1.01286   0.05   4   17.9   18.4   41   
6   -4.77844   1.6142   0.075   7   18.4   18.9   45   
6   -4.73031   1.47329   0.05   6   18.9   19.4   40   
6   -4.83047   1.52346   0.05   4   19.4   19.9   34   
6   -4.7559   1.5784   0.025   4   19.9   20.4   51   
6   -4.92739   1.28838   0.025   4   20.4   20.9   54   
6   -4.4961   0.71561   0.05   4   20.9   21.4   52   
6   -4.02278   1.86189   0.075   4   21.4   21.9   36   
6   -4.7727   1.46992   0.05   4   21.9   22.4   19   
7   -4.16555   4.20509   0.1   16   -0.6   -0.1   168   
7   -4.13588   4.20269   0.1   14   -0.1   0.4   170   
7   -4.14206   4.26577   0.15   16   0.4   0.9   172   
7   -4.08132   4.27445   0.1   13   0.9   1.4   165   
7   -4.32275   4.06551   0.275   12   1.4   1.9   176   
7   -4.03502   4.30826   0.1   13   1.9   2.4   173   
7   -3.98938   4.30719   0.075   13   2.4   2.9   175   
7   -4.37442   4.34777   0.075   17   2.9   3.4   207   
7   -3.92917   4.34096   0.075   15   3.4   3.9   168   
7   -3.90664   4.35919   0.075   18   3.9   4.4   197   
7   -3.86598   4.39673   0.075   17   4.4   4.9   194   
7   -3.83027   4.42172   0.075   16   4.9   5.4   154   
7   -3.8008   4.44672   0.075   16   5.4   5.9   159   
7   -4.49401   4.44937   0.075   14   5.9   6.4   142   
7   -3.70263   4.52173   0.075   13   6.4   6.9   125   
7   -3.66658   4.57172   0.075   16   6.9   7.4   121   
7   -3.64207   4.56788   0.075   17   7.4   7.9   120   
7   -3.59375   4.63804   0.075   15   7.9   8.4   103   
7   -3.56846   4.62173   0.075   12   8.4   8.9   86   
7   -3.5288   4.66324   0.05   10   8.9   9.4   64   
7   -4.5229   4.74246   0.075   7   9.4   9.9   44   
7   -4.55304   4.79672   0.05   8   9.9   10.4   31   
7   -4.53284   4.77173   0.075   5   10.4   10.9   14   
7   -4.52435   4.92172   0.075   6   10.9   11.4   12   
7   -4.45389   4.84672   0.075   6   11.4   11.9   16   
7   -4.44146   4.94672   0.05   4   11.9   12.4   11   
7   -4.35043   4.80266   0.075   6   12.4   12.9   59   
7   -4.57004   3.91571   0.075   4   12.9   13.4   47   
7   -4.39512   4.97876   0.075   4   13.9   14.4   36   
7   -3.97843   4.80582   0.075   5   14.4   14.9   55   
7   -4.19269   4.49037   0.05   4   14.9   15.4   30   
7   -3.60993   4.2839   0.075   5   15.9   16.4   22   
7   -3.97952   4.59139   0.05   4   16.4   16.9   29   
7   -3.78252   4.05348   0.075   6   16.9   17.4   48   
7   -3.95097   4.48487   0.05   4   17.4   17.9   34   
7   -4.03298   4.8183   0.025   3   17.9   18.4   14   
7   -3.56256   4.37765   0.05   3   18.4   18.9   9   
7   -4.66988   4.45673   0.075   3   18.9   19.4   12   
7   -3.74883   4.68301   0.025   3   19.4   19.9   15   
7   -4.0373   4.82055   0.05   3   19.9   20.4   25   
7   -4.12816   4.31943   0.075   5   20.4   20.9   21   
7   -4.76644   4.24524   0.075   4   20.9   21.4   28   
7   -3.9527   4.67172   0.075   3   21.9   22.4   5   
8   -1.66314   -7.71765   0.175   25   -0.6   -0.1   206   
8   -1.65592   -7.72533   0.175   20   -0.1   0.4   191   
8   -1.65871   -7.67565   0.15   18   0.4   0.9   199   
8   -1.63593   -7.67224   0.15   22   0.9   1.4   229   
8   -1.63246   -7.63952   0.15   22   1.4   1.9   265   
8   -1.65013   -7.63333   0.15   21   1.9   2.4   233   
8   -1.65531   -7.63122   0.15   21   2.4   2.9   205   
8   -1.63974   -7.60347   0.15   23   2.9   3.4   188   
8   -1.62752   -7.59632   0.15   23   3.4   3.9   170   
8   -1.64206   -7.57248   0.15   23   3.9   4.4   152   
8   -1.65718   -7.5672   0.15   27   4.4   4.9   137   
8   -1.64996   -7.55844   0.15   17   4.9   5.4   131   
8   -1.63443   -7.51884   0.125   20   5.4   5.9   112   
8   -1.65116   -7.50327   0.125   21   5.9   6.4   105   
8   -1.68019   -7.51652   0.15   21   6.4   6.9   119   
8   -1.64509   -7.47827   0.125   21   6.9   7.4   74   
8   -1.64996   -7.45327   0.125   23   7.4   7.9   77   
8   -1.66535   -7.45327   0.125   18   7.9   8.4   72   
8   -1.66411   -7.42828   0.125   21   8.4   8.9   70   
8   -1.63906   -7.40328   0.125   15   8.9   9.4   58   
8   -1.65053   -7.40328   0.125   22   9.4   9.9   58   
8   -1.65794   -7.40328   0.125   16   9.9   10.4   60   
8   -1.66902   -7.37827   0.125   16   10.4   10.9   58   
8   -1.645   -7.35941   0.125   15   10.9   11.4   55   
8   -1.66682   -7.37827   0.15   13   11.4   11.9   57   
8   -1.63415   -7.30328   0.1   13   11.9   12.4   47   
8   -1.6218   -7.28363   0.1   12   12.4   12.9   45   
8   -1.64524   -7.27828   0.1   9   12.9   13.4   32   
8   -1.64537   -7.25327   0.1   8   13.4   13.9   25   
8   -1.54655   -7.22827   0.05   8   13.9   14.4   31   
8   -1.61111   -7.22827   0.075   9   14.4   14.9   36   
8   -1.64228   -7.15954   0.075   7   14.9   15.4   24   
8   -1.61221   -7.15041   0.075   8   15.4   15.9   23   
8   -1.91218   -7.09238   0.075   8   15.9   16.4   41   
8   -1.58144   -7.10327   0.075   7   16.4   16.9   32   
8   -1.74089   -7.12163   0.075   5   16.9   17.4   33   
8   -2.11989   -7.23736   0.075   4   17.4   17.9   22   
8   -1.31109   -8.20103   0.075   5   17.9   18.4   23   
8   -1.52912   -7.00995   0.05   4   18.4   18.9   16   
8   -1.22499   -7.30998   0.075   3   18.9   19.4   7   
8   -1.11407   -7.35327   0.075   3   19.4   19.9   6   
8   -1.0641   -8.13389   0.025   3   19.9   20.4   8   
9   -1.30784   1.20717   0.1   13   -0.6   -0.1   978   
9   -1.32793   1.23743   0.125   15   -0.1   0.4   963   
9   -1.33434   1.26084   0.125   16   0.4   0.9   689   
9   -1.33933   1.25824   0.1   14   0.9   1.4   481   
9   -1.35195   1.28882   0.1   13   1.4   1.9   398   
9   -1.34676   1.32665   0.1   21   1.9   2.4   295   
9   -1.33754   1.34634   0.1   18   2.4   2.9   213   
9   -1.33989   1.36009   0.1   16   2.9   3.4   168   
9   -1.34864   1.37172   0.1   17   3.4   3.9   99   
9   -1.36617   1.37904   0.1   21   3.9   4.4   89   
9   -1.37847   1.42173   0.1   19   4.4   4.9   82   
9   -1.36175   1.42173   0.1   19   4.9   5.4   65   
9   -1.37449   1.47173   0.1   18   5.4   5.9   64   
9   -1.37018   1.47173   0.1   14   5.9   6.4   58   
9   -1.38449   1.52173   0.1   14   6.4   6.9   68   
9   -1.38442   1.52173   0.075   14   6.9   7.4   63   
9   -1.38317   1.52173   0.075   12   7.4   7.9   61   
9   -1.38487   1.54673   0.075   9   7.9   8.4   44   
9   -1.4166   1.57173   0.075   9   8.4   8.9   42   
9   -1.38154   1.59673   0.075   9   8.9   9.4   41   
9   -1.40206   1.62173   0.075   8   9.4   9.9   42   
9   -1.42054   1.62173   0.075   9   9.9   10.4   40   
9   -1.4108   1.6503   0.075   7   10.4   10.9   41   
9   -1.3803   1.66772   0.075   8   10.9   11.4   22   
9   -1.40953   1.69673   0.075   8   11.4   11.9   32   
9   -1.41119   1.72173   0.075   7   11.9   12.4   29   
9   -1.41996   1.69673   0.075   8   12.4   12.9   23   
9   -1.42163   1.74673   0.075   8   12.9   13.4   23   
9   -1.39265   1.79673   0.075   6   13.4   13.9   15   
9   -1.40454   1.82173   0.075   8   13.9   14.4   14   
9   -1.34999   1.87173   0.05   4   14.4   14.9   15   
9   -1.44682   1.79673   0.075   6   14.9   15.4   14   
9   -1.29646   1.87173   0.05   5   15.4   15.9   17   
9   -1.35863   1.84673   0.025   4   15.9   16.4   9   
9   -1.40293   1.92173   0.025   4   16.4   16.9   10   
9   -1.36725   1.92173   0.05   5   16.9   17.4   15   
9   -0.750801   1.64673   0.025   4   17.4   17.9   17   
9   -1.38573   1.84673   0.025   3   17.9   18.4   11   
9   -1.77154   1.22539   0.025   3   18.4   18.9   13   
9   -0.932227   1.38338   0.025   3   18.9   19.4   19   
9   -1.83896   0.860932   0.05   5   19.4   19.9   38   
9   -1.75918   0.944665   0.075   5   19.9   20.4   46   
9   -1.77598   1.44773   0.025   4   20.4   20.9   63   
9   -1.25679   1.90101   0.05   4   20.9   21.4   44   
9   -1.73686   1.87173   0.025   3   21.4   21.9   18   
9   -1.02624   1.52173   0.05   3   21.9   22.4   7   
10   -1.31533   -1.68279   0.125   14   -0.6   -0.1   792   
10   -1.26913   -1.62819   0.1   15   -0.1   0.4   783   
10   -1.30205   -1.61136   0.125   14   0.4   0.9   643   
10   -1.31445   -1.58253   0.125   17   0.9   1.4   511   
10   -1.32921   -1.55493   0.125   14   1.4   1.9   371   
10   -1.3081   -1.50459   0.1   16   1.9   2.4   277   
10   -1.29395   -1.47827   0.1   20   2.4   2.9   210   
10   -1.29542   -1.45327   0.1   17   2.9   3.4   152   
10   -1.25926   -1.45327   0.1   21   3.4   3.9   89   
10   -1.24177   -1.42827   0.1   19   3.9   4.4   76   
10   -1.23345   -1.40327   0.1   19   4.4   4.9   70   
10   -1.22289   -1.37827   0.1   15   4.9   5.4   64   
10   -1.21869   -1.35327   0.1   16   5.4   5.9   59   
10   -1.21395   -1.30327   0.1   20   5.9   6.4   74   
10   -1.20959   -1.25327   0.1   15   6.4   6.9   57   
10   -1.14999   -1.22827   0.1   16   6.9   7.4   66   
10   -1.17499   -1.20327   0.1   13   7.4   7.9   57   
10   -1.14999   -1.20327   0.1   13   7.9   8.4   54   
10   -1.11609   -1.20327   0.1   16   8.4   8.9   67   
10   -1.09999   -1.20327   0.1   15   8.9   9.4   49   
10   -1.09999   -1.17827   0.1   11   9.4   9.9   50   
10   -1.07499   -1.17827   0.1   13   9.9   10.4   51   
10   -1.07499   -1.17827   0.1   12   10.4   10.9   49   
10   -1.0919   -1.1427   0.1   10   10.9   11.4   58   
10   -1.05629   -1.22195   0.075   9   11.4   11.9   44   
10   -1.04232   -1.20327   0.075   10   11.9   12.4   31   
10   -1.10246   -1.24619   0.075   9   12.4   12.9   51   
10   -1.04999   -1.22827   0.075   7   12.9   13.4   27   
10   -1.03175   -1.16468   0.075   10   13.4   13.9   34   
10   -1.02052   -1.17447   0.075   8   13.9   14.4   54   
10   -1.06414   -1.20073   0.075   8   14.4   14.9   24   
10   -1.04889   -1.20911   0.075   6   14.9   15.4   46   
10   -1.00085   -1.17181   0.075   7   15.4   15.9   37   
10   -1.00494   -1.17589   0.075   7   15.9   16.4   46   
10   -1.09759   -1.15209   0.05   6   16.4   16.9   41   
10   -0.98143   -1.19479   0.075   8   16.9   17.4   46   
10   -1.11412   -1.68949   0.05   6   17.4   17.9   44   
10   -1.07467   -1.24231   0.075   5   17.9   18.4   53   
10   -1.04411   -1.26802   0.075   5   18.4   18.9   38   
10   -1.03215   -1.10483   0.075   6   18.9   19.4   44   
10   -1.95262   -1.60348   0.025   3   19.4   19.9   21   
10   -1.72711   -1.91125   0.05   4   19.9   20.4   60   
10   -1.41534   -1.98481   0.05   4   20.4   20.9   36   
10   -1.69597   -1.56732   0.075   4   20.9   21.4   38   
10   -1.7246   -1.10298   0.05   4   21.4   21.9   18   
10   -1.46649   -1.09608   0.025   3   21.9   22.4   11   
11   -1.21545   7.13866   0.175   28   -0.6   -0.1   242   
11   -1.21914   7.16405   0.175   26   -0.1   0.4   223   
11   -1.2483   7.16405   0.15   22   0.4   0.9   218   
11   -1.2701   7.18832   0.15   27   0.9   1.4   195   
11   -1.28242   7.20625   0.15   23   1.4   1.9   209   
11   -1.27474   7.22433   0.15   25   1.9   2.4   201   
11   -1.24169   7.24228   0.15   31   2.4   2.9   216   
11   -1.25007   7.25291   0.15   29   2.9   3.4   237   
11   -1.21095   7.26233   0.15   21   3.4   3.9   205   
11   -1.2095   7.23879   0.125   27   3.9   4.4   185   
11   -1.21498   7.24003   0.125   26   4.4   4.9   163   
11   -1.19595   7.24786   0.125   24   4.9   5.4   153   
11   -1.21792   7.23539   0.125   25   5.4   5.9   140   
11   -1.21115   7.24799   0.125   27   5.9   6.4   123   
11   -1.20469   7.25325   0.125   25   6.4   6.9   151   
11   -1.21249   7.26747   0.125   23   6.9   7.4   199   
11   -1.22164   7.29394   0.125   20   7.4   7.9   147   
11   -1.22215   7.29014   0.125   22   7.9   8.4   84   
11   -1.21335   7.29476   0.125   20   8.4   8.9   75   
11   -1.21687   7.30528   0.125   17   8.9   9.4   66   
11   -1.22922   7.31437   0.1   15   9.4   9.9   46   
11   -1.22468   7.30745   0.1   13   9.9   10.4   59   
11   -1.21995   7.32529   0.1   10   10.4   10.9   50   
11   -1.17183   7.32172   0.075   11   10.9   11.4   46   
11   -1.26034   7.32172   0.075   9   11.4   11.9   39   
11   -1.26441   7.32858   0.075   8   11.9   12.4   38   
11   -1.24241   7.32172   0.075   11   12.4   12.9   46   
11   -1.23664   7.32036   0.075   11   12.9   13.4   34   
11   -1.28181   7.37004   0.075   8   13.4   13.9   41   
11   -1.3647   7.29673   0.075   6   13.9   14.4   31   
11   -1.18412   7.34672   0.075   6   14.4   14.9   19   
11   -1.28442   7.39673   0.05   7   14.9   15.4   22   
11   -1.23201   7.39673   0.075   6   15.4   15.9   18   
11   -1.17324   7.42173   0.05   6   15.9   16.4   21   
11   -1.18205   7.44949   0.075   6   16.4   16.9   20   
11   -1.19631   7.44205   0.075   6   16.9   17.4   18   
11   -1.27938   7.39925   0.075   6   17.4   17.9   26   
11   -1.12576   7.55194   0.075   6   17.9   18.4   27   
11   -1.33395   7.51784   0.05   4   18.4   18.9   37   
11   -1.37508   7.48076   0.075   4   18.9   19.4   25   
11   -1.34081   7.46838   0.05   5   19.4   19.9   44   
11   -1.41914   6.73214   0.075   4   19.9   20.4   67   
11   -1.22037   7.57915   0.075   4   20.4   20.9   41   
11   -1.82928   7.59612   0.075   5   20.9   21.4   35   
11   -1.26708   7.43627   0.025   4   21.4   21.9   36   
11   -1.31526   6.5932   0.025   3   21.9   22.4   22   
11   -0.819889   7.30577   0.025   3   22.4   22.9   17   
11   -1.28299   7.51222   0.025   3   22.9   23.4   12   
12   -1.21717   4.37058   0.125   19   -0.6   -0.1   241   
12   -1.19765   4.43702   0.15   20   -0.1   0.4   225   
12   -1.19056   4.45414   0.15   20   0.4   0.9   249   
12   -1.31996   4.42123   0.075   15   0.9   1.4   279   
12   -1.0502   4.51433   0.1   13   1.4   1.9   235   
12   -1.37207   4.39224   0.075   15   1.9   2.4   225   
12   -1.38418   4.37953   0.075   13   2.4   2.9   210   
12   -1.39981   4.37599   0.075   11   2.9   3.4   169   
12   -1.41573   4.36778   0.075   11   3.4   3.9   153   
12   -1.4335   4.36017   0.075   13   3.9   4.4   148   
12   -1.44416   4.3679   0.075   16   4.4   4.9   150   
12   -1.45162   4.36566   0.075   17   4.9   5.4   135   
12   -1.46845   4.39117   0.075   15   5.4   5.9   113   
12   -1.47656   4.37734   0.075   14   5.9   6.4   112   
12   -1.52729   4.38715   0.075   16   6.4   6.9   117   
12   -1.56965   4.33205   0.075   13   6.9   7.4   152   
12   -1.09334   3.80192   0.075   14   7.4   7.9   348   
12   -1.2827   4.69007   0.075   11   7.9   8.4   307   
12   -1.49753   4.69349   0.075   11   8.4   8.9   188   
12   -0.639031   4.68287   0.075   11   8.9   9.4   197   
12   -1.59908   4.39681   0.075   8   9.4   9.9   122   
12   -1.65516   4.75389   0.075   9   9.9   10.4   146   
12   -1.71181   4.40843   0.075   9   10.4   10.9   107   
12   -0.57372   4.64185   0.05   6   10.9   11.4   51   
12   -1.87905   4.59059   0.075   6   11.4   11.9   48   
12   -1.70908   4.56094   0.05   6   11.9   12.4   37   
12   -1.78699   4.78896   0.075   6   12.4   12.9   51   
12   -1.71206   4.72152   0.075   8   12.9   13.4   71   
12   -1.53059   4.58432   0.075   8   13.4   13.9   54   
12   -1.55235   4.56653   0.075   6   13.9   14.4   40   
12   -1.49707   4.80023   0.075   8   14.4   14.9   58   
12   -1.74406   4.66237   0.075   5   14.9   15.4   37   
12   -1.6476   4.78968   0.05   6   15.4   15.9   34   
12   -1.52862   4.8143   0.075   7   15.9   16.4   39   
12   -1.69875   4.60238   0.075   5   16.4   16.9   27   
12   -1.66634   4.73982   0.05   4   16.9   17.4   21   
12   -1.87829   4.29088   0.075   4   17.4   17.9   43   
12   -1.73167   4.19237   0.05   5   17.9   18.4   65   
12   -1.78183   4.90244   0.025   3   18.4   18.9   31   
12   -1.7999   4.36669   0.05   4   18.9   19.4   31   
12   -1.86526   4.38669   0.075   4   19.4   19.9   32   
12   -1.61997   4.70997   0.075   4   19.9   20.4   15   
12   -1.88479   4.50829   0.075   5   20.4   20.9   26   
12   -1.55174   4.4471   0.025   3   20.9   21.4   19   
12   -1.88828   4.04008   0.05   3   21.4   21.9   18   
12   -1.9131   4.40064   0.05   3   21.9   22.4   12   
12   -0.620041   4.47396   0.075   4   22.4   22.9   13   
13   1.48597   -1.74279   0.125   25   -0.6   -0.1   432   
13   1.47939   -1.71822   0.125   16   -0.1   0.4   402   
13   1.48617   -1.69612   0.125   15   0.4   0.9   404   
13   1.47026   -1.71186   0.1   13   0.9   1.4   444   
13   1.47212   -1.68973   0.1   17   1.4   1.9   384   
13   1.47206   -1.67248   0.1   17   1.9   2.4   297   
13   1.46818   -1.65954   0.1   22   2.4   2.9   251   
13   1.4727   -1.62821   0.1   22   2.9   3.4   221   
13   1.47338   -1.6075   0.1   22   3.4   3.9   139   
13   1.46042   -1.57827   0.1   22   3.9   4.4   102   
13   1.46639   -1.57827   0.1   22   4.4   4.9   86   
13   1.45291   -1.52827   0.1   21   4.9   5.4   89   
13   1.46538   -1.50327   0.1   19   5.4   5.9   87   
13   1.45835   -1.47827   0.1   21   5.9   6.4   76   
13   1.45364   -1.45005   0.1   19   6.4   6.9   75   
13   1.47412   -1.42827   0.1   21   6.9   7.4   76   
13   1.47773   -1.40327   0.1   18   7.4   7.9   84   
13   1.46679   -1.37827   0.1   16   7.9   8.4   55   
13   1.47292   -1.37827   0.1   14   8.4   8.9   55   
13   1.4592   -1.32827   0.1   11   8.9   9.4   40   
13   1.48685   -1.30327   0.1   12   9.4   9.9   41   
13   1.48683   -1.27827   0.1   13   9.9   10.4   43   
13   1.48131   -1.27535   0.1   11   10.4   10.9   57   
13   1.50001   -1.24109   0.1   11   10.9   11.4   67   
13   1.53574   -1.25327   0.1   10   11.4   11.9   49   
13   1.52363   -1.20327   0.075   10   11.9   12.4   35   
13   1.52841   -1.17827   0.075   12   12.4   12.9   33   
13   1.54861   -1.20273   0.075   7   12.9   13.4   50   
13   1.50622   -1.09068   0.075   6   13.4   13.9   54   
13   1.55768   -1.11302   0.05   7   13.9   14.4   32   
13   1.5224   -1.15972   0.075   7   14.4   14.9   29   
13   1.51022   -1.10428   0.075   8   14.9   15.4   46   
13   1.5684   -1.17942   0.05   7   15.4   15.9   27   
13   1.58587   -1.11721   0.075   6   15.9   16.4   26   
13   1.49547   -1.28862   0.075   6   16.4   16.9   31   
13   1.58479   -1.2059   0.05   5   16.9   17.4   28   
13   1.02725   -1.62009   0.05   5   17.4   17.9   77   
13   1.34265   -1.61582   0.075   5   17.9   18.4   64   
13   1.10126   -1.70923   0.025   4   18.4   18.9   53   
13   0.894645   -2.04796   0.025   3   18.9   19.4   48   
13   1.40736   -1.39747   0.05   4   19.4   19.9   40   
13   1.10483   -1.83222   0.075   4   19.9   20.4   46   
13   1.48925   -1.22887   0.075   4   20.4   20.9   21   
13   0.795049   -1.60678   0.05   4   20.9   21.4   35   
13   1.18635   -1.44888   0.05   3   21.4   21.9   7   
14   1.59246   1.28888   0.125   21   -0.6   -0.1   414   
14   1.56883   1.30118   0.125   19   -0.1   0.4   400   
14   1.58215   1.35813   0.15   15   0.4   0.9   358   
14   1.5319   1.34313   0.1   15   0.9   1.4   289   
14   1.54682   1.36268   0.1   16   1.4   1.9   323   
14   1.55709   1.40496   0.1   16   1.9   2.4   277   
14   1.55736   1.40466   0.1   16   2.4   2.9   216   
14   1.57847   1.43395   0.1   18   2.9   3.4   184   
14   1.59074   1.43353   0.1   16   3.4   3.9   126   
14   1.58263   1.4393   0.1   18   3.9   4.4   97   
14   1.58391   1.45117   0.1   21   4.4   4.9   95   
14   1.58218   1.44883   0.1   20   4.9   5.4   83   
14   1.58786   1.45986   0.1   19   5.4   5.9   77   
14   1.58081   1.47173   0.1   16   5.9   6.4   76   
14   1.56966   1.46596   0.1   19   6.4   6.9   65   
14   1.55063   1.4898   0.1   17   6.9   7.4   68   
14   1.54497   1.52173   0.1   15   7.4   7.9   58   
14   1.51096   1.52173   0.1   14   7.9   8.4   62   
14   1.50173   1.54673   0.075   12   8.4   8.9   47   
14   1.48431   1.57173   0.075   11   8.9   9.4   49   
14   1.49628   1.62173   0.075   13   9.4   9.9   44   
14   1.5204   1.62173   0.075   14   9.9   10.4   39   
14   1.5839   1.69673   0.075   11   10.4   10.9   45   
14   1.56452   1.69673   0.075   9   10.9   11.4   35   
14   1.56869   1.72173   0.075   11   11.4   11.9   46   
14   1.54755   1.77173   0.075   8   11.9   12.4   44   
14   1.5735   1.77173   0.075   12   12.4   12.9   36   
14   1.5275   1.77173   0.075   8   12.9   13.4   43   
14   1.58197   1.87173   0.075   8   13.4   13.9   20   
14   1.57782   1.89673   0.075   9   13.9   14.4   27   
14   1.5922   1.89673   0.075   11   14.4   14.9   24   
14   1.58162   1.89673   0.05   6   14.9   15.4   20   
14   1.53752   1.99673   0.05   6   15.4   15.9   13   
14   1.58625   1.89673   0.05   5   15.9   16.4   13   
14   1.58098   1.89673   0.05   5   16.4   16.9   13   
14   1.53909   1.89673   0.05   5   16.9   17.4   14   
14   1.49115   2.05635   0.025   3   17.4   17.9   18   
14   1.58997   1.93951   0.025   5   17.9   18.4   28   
14   1.51442   1.91901   0.05   3   18.4   18.9   14   
14   1.51342   1.87173   0.075   4   18.9   19.4   10   
14   1.45286   2.01746   0.05   4   19.4   19.9   27   
14   1.71423   1.60116   0.05   4   19.9   20.4   43   
14   1.05431   0.9926   0.075   4   20.4   20.9   46   
14   2.02436   1.00728   0.05   4   20.9   21.4   37   
14   1.5062   1.67692   0.025   3   21.4   21.9   14   
15   1.53297   -4.73946   0.1   14   -0.6   -0.1   569   
15   1.55162   -4.66266   0.1   18   -0.1   0.4   456   
15   1.59118   -4.57072   0.1   16   0.4   0.9   354   
15   1.6419   -4.48441   0.1   20   0.9   1.4   342   
15   1.70038   -4.41196   0.1   20   1.4   1.9   276   
15   1.77501   -4.32827   0.1   21   1.9   2.4   291   
15   1.82501   -4.22827   0.1   22   2.4   2.9   195   
15   1.90001   -4.17827   0.1   22   2.9   3.4   160   
15   1.95001   -4.10327   0.1   17   3.4   3.9   131   
15   2.02501   -4.02828   0.075   15   3.9   4.4   76   
15   2.05001   -3.97827   0.075   9   4.4   4.9   31   
15   1.59643   -3.82505   0.025   3   15.4   15.9   8   
15   1.43721   -4.41721   0.05   5   15.9   16.4   40   
15   2.18502   -4.75789   0.075   7   16.4   16.9   103   
15   1.36695   -4.77611   0.075   5   16.9   17.4   78   
15   1.28429   -4.25406   0.075   8   17.4   17.9   130   
15   2.0838   -4.33291   0.075   7   17.9   18.4   114   
15   1.81332   -4.01213   0.05   5   18.4   18.9   60   
15   1.57304   -5.06187   0.05   4   18.9   19.4   51   
15   1.75457   -4.68804   0.05   4   19.4   19.9   8   
16   1.783   7.17014   0.15   20   -0.6   -0.1   244   
16   1.7669   7.19543   0.15   18   -0.1   0.4   232   
16   1.76863   7.21333   0.125   22   0.4   0.9   224   
16   1.76043   7.24396   0.125   24   0.9   1.4   215   
16   1.76816   7.27589   0.125   24   1.4   1.9   189   
16   1.77174   7.2905   0.125   21   1.9   2.4   197   
16   1.79119   7.30462   0.125   24   2.4   2.9   174   
16   1.79615   7.32086   0.125   24   2.9   3.4   164   
16   1.79578   7.31841   0.125   20   3.4   3.9   160   
16   1.7992   7.32172   0.125   24   3.9   4.4   152   
16   1.80076   7.34034   0.125   19   4.4   4.9   147   
16   1.80483   7.37173   0.125   18   4.9   5.4   136   
16   1.79418   7.37173   0.125   18   5.4   5.9   109   
16   1.79899   7.39673   0.125   25   5.9   6.4   124   
16   1.81889   7.39673   0.1   15   6.4   6.9   94   
16   1.82072   7.42173   0.1   19   6.9   7.4   89   
16   1.82915   7.44672   0.1   22   7.4   7.9   82   
16   1.82056   7.47172   0.1   18   7.9   8.4   77   
16   1.82654   7.49673   0.1   21   8.4   8.9   97   
16   1.84244   7.49673   0.1   14   8.9   9.4   67   
16   1.8143   7.49673   0.1   16   9.4   9.9   69   
16   1.81237   7.52173   0.1   14   9.9   10.4   56   
16   1.81144   7.52173   0.1   18   10.4   10.9   60   
16   1.83789   7.57172   0.1   15   10.9   11.4   69   
16   1.77321   7.60065   0.1   12   11.4   11.9   41   
16   1.79475   7.6261   0.1   14   11.9   12.4   46   
16   1.80164   7.61093   0.1   11   12.4   12.9   85   
16   1.81025   7.63799   0.1   11   12.9   13.4   53   
16   1.6918   7.64809   0.1   8   13.4   13.9   39   
16   1.81136   7.67173   0.1   11   13.9   14.4   30   
16   1.66444   7.65781   0.1   8   14.4   14.9   46   
16   1.85701   7.72115   0.1   7   14.9   15.4   25   
16   1.74393   7.71528   0.1   6   15.4   15.9   47   
16   1.82347   7.6975   0.075   8   15.9   16.4   56   
16   1.80723   7.70301   0.075   6   16.4   16.9   31   
16   1.67106   7.75371   0.075   6   16.9   17.4   41   
16   1.63404   7.26236   0.075   6   17.4   17.9   54   
16   1.76977   7.6569   0.075   6   17.9   18.4   55   
16   1.76334   7.78254   0.025   4   18.4   18.9   47   
16   1.79659   7.83518   0.05   5   18.9   19.4   36   
16   1.74545   7.66386   0.075   5   19.4   19.9   37   
16   1.54362   7.81004   0.05   4   19.9   20.4   35   
16   1.81948   7.76134   0.075   5   20.4   20.9   33   
16   2.44071   7.37578   0.05   5   20.9   21.4   47   
16   1.298   7.29897   0.025   3   21.4   21.9   20   
16   1.16709   6.85375   0.05   4   21.9   22.4   35   
16   2.13305   7.45321   0.05   3   22.4   22.9   20   
17   4.2745   -7.8015   0.175   22   -0.6   -0.1   1032   
17   4.28153   -7.7779   0.175   25   -0.1   0.4   964   
17   4.30838   -7.76578   0.175   20   0.4   0.9   712   
17   4.30991   -7.75451   0.175   22   0.9   1.4   517   
17   4.31844   -7.73805   0.175   24   1.4   1.9   420   
17   4.33283   -7.73556   0.175   22   1.9   2.4   291   
17   4.33741   -7.71851   0.175   18   2.4   2.9   147   
17   4.32404   -7.67699   0.15   24   2.9   3.4   126   
17   4.32663   -7.64866   0.15   22   3.4   3.9   119   
17   4.32366   -7.65191   0.15   28   3.9   4.4   105   
17   4.31671   -7.62479   0.15   26   4.4   4.9   103   
17   4.31802   -7.60565   0.15   19   4.9   5.4   81   
17   4.31346   -7.57828   0.15   23   5.4   5.9   80   
17   4.27933   -7.52828   0.15   21   5.9   6.4   84   
17   4.29713   -7.50328   0.15   24   6.4   6.9   84   
17   4.27856   -7.47828   0.15   19   6.9   7.4   69   
17   4.28819   -7.45328   0.15   19   7.4   7.9   61   
17   4.26133   -7.42306   0.15   15   7.9   8.4   55   
17   4.2636   -7.40328   0.125   16   8.4   8.9   69   
17   4.26552   -7.35328   0.125   17   8.9   9.4   61   
17   4.2816   -7.32828   0.125   16   9.4   9.9   71   
17   4.30477   -7.30328   0.125   13   9.9   10.4   41   
17   4.28392   -7.27828   0.125   11   10.4   10.9   51   
17   4.29198   -7.2633   0.125   13   10.9   11.4   61   
17   4.26231   -7.22828   0.1   10   11.4   11.9   36   
17   4.27792   -7.20328   0.1   12   11.9   12.4   33   
17   4.23003   -7.20851   0.1   9   12.4   12.9   71   
17   4.25651   -7.14163   0.1   9   12.9   13.4   67   
17   4.2963   -7.14405   0.1   9   13.4   13.9   21   
17   4.29201   -7.15328   0.1   8   13.9   14.4   29   
17   4.13394   -7.32828   0.075   6   14.4   14.9   44   
17   4.25531   -7.19076   0.075   5   14.9   15.4   33   
17   4.25878   -7.06482   0.05   5   15.4   15.9   21   
17   4.1058   -7.14807   0.05   6   15.9   16.4   22   
17   4.131   -7.1575   0.05   5   16.4   16.9   29   
17   4.0562   -7.18019   0.075   6   16.9   17.4   52   
17   4.74948   -8.04775   0.075   5   17.4   17.9   24   
17   4.1688   -7.09512   0.05   4   17.9   18.4   26   
17   3.77609   -7.91633   0.025   4   18.4   18.9   41   
17   3.92617   -7.31603   0.05   4   18.9   19.4   30   
17   3.99744   -7.75992   0.025   3   19.4   19.9   16   
17   3.58876   -7.71374   0.025   3   19.9   20.4   28   
17   4.33996   -7.91619   0.025   3   21.9   22.4   5   
18   4.55116   1.24827   0.15   20   -0.6   -0.1   203   
18   4.52989   1.27006   0.15   21   -0.1   0.4   194   
18   4.52581   1.27219   0.125   14   0.4   0.9   170   
18   4.5191   1.29328   0.125   14   0.9   1.4   157   
18   4.5352   1.30383   0.125   17   1.4   1.9   154   
18   4.53166   1.29557   0.125   21   1.9   2.4   142   
18   4.54039   1.3061   0.125   14   2.4   2.9   129   
18   4.55228   1.30999   0.125   20   2.9   3.4   127   
18   4.53149   1.31203   0.125   18   3.4   3.9   133   
18   4.53863   1.30853   0.125   16   3.9   4.4   113   
18   4.51887   1.30185   0.125   18   4.4   4.9   103   
18   4.51043   1.271   0.125   15   4.9   5.4   95   
18   4.5043   1.27301   0.125   19   5.4   5.9   110   
18   4.49441   1.29348   0.1   16   5.9   6.4   93   
18   4.49314   1.30456   0.1   16   6.4   6.9   88   
18   4.48828   1.29846   0.1   15   6.9   7.4   83   
18   4.50387   1.30723   0.1   17   7.4   7.9   71   
18   4.49882   1.30684   0.1   19   7.9   8.4   60   
18   4.51616   1.30423   0.1   19   8.4   8.9   50   
18   4.50476   1.30105   0.1   16   8.9   9.4   47   
18   4.49324   1.32893   0.1   14   9.4   9.9   42   
18   4.4851   1.33469   0.1   12   9.9   10.4   38   
18   4.48243   1.34533   0.1   12   10.4   10.9   36   
18   4.4776   1.36425   0.1   12   10.9   11.4   58   
18   4.46082   1.3456   0.1   10   11.4   11.9   56   
18   4.44374   1.36224   0.1   12   11.9   12.4   48   
18   4.4392   1.3729   0.1   10   12.4   12.9   40   
18   4.45046   1.3478   0.075   8   12.9   13.4   51   
18   4.44721   1.44673   0.075   6   13.4   13.9   26   
18   4.40852   1.39848   0.075   6   13.9   14.4   30   
18   4.42581   1.40333   0.075   7   14.4   14.9   25   
18   4.40143   1.38158   0.075   5   14.9   15.4   17   
18   4.37272   1.35454   0.075   5   15.4   15.9   33   
18   4.26384   1.49893   0.075   5   15.9   16.4   29   
18   4.34313   1.47443   0.075   5   16.4   16.9   32   
18   4.7599   1.08872   0.075   5   16.9   17.4   32   
18   4.31975   1.44665   0.075   5   17.4   17.9   30   
18   4.38344   1.55752   0.05   5   17.9   18.4   22   
18   4.22465   1.5405   0.025   3   18.4   18.9   25   
18   4.21493   1.3348   0.025   3   18.9   19.4   40   
18   3.93892   1.37935   0.025   3   19.4   19.9   35   
18   5.11239   1.6588   0.05   4   19.9   20.4   50   
18   4.12837   0.730727   0.05   4   20.4   20.9   40   
18   4.34378   1.35193   0.075   4   20.9   21.4   41   
18   5.02989   1.63868   0.05   4   21.4   21.9   40   
18   4.95895   1.27407   0.05   3   21.9   22.4   21   
18   4.2042   1.54553   0.075   4   22.4   22.9   15   
18   4.43334   1.89342   0.075   3   22.9   23.4   5   
19   7.54656   -1.68583   0.15   25   -0.6   -0.1   180   
19   7.5329   -1.68864   0.125   21   -0.1   0.4   172   
19   7.54855   -1.67716   0.125   21   0.4   0.9   178   
19   7.525   -1.67252   0.125   22   0.9   1.4   154   
19   7.52394   -1.67994   0.125   20   1.4   1.9   153   
19   7.5251   -1.6802   0.125   17   1.9   2.4   138   
19   7.52334   -1.67309   0.125   20   2.4   2.9   142   
19   7.50777   -1.67765   0.125   22   2.9   3.4   152   
19   7.52764   -1.67559   0.125   25   3.4   3.9   138   
19   7.51726   -1.67238   0.125   20   3.9   4.4   118   
19   7.51619   -1.68839   0.125   23   4.4   4.9   111   
19   7.51072   -1.6838   0.125   21   4.9   5.4   105   
19   7.51586   -1.68288   0.125   20   5.4   5.9   95   
19   7.49765   -1.67825   0.125   18   5.9   6.4   103   
19   7.51909   -1.67841   0.1   20   6.4   6.9   90   
19   7.50287   -1.68162   0.1   18   6.9   7.4   85   
19   7.486   -1.67212   0.1   18   7.4   7.9   67   
19   7.49114   -1.66394   0.1   15   7.9   8.4   60   
19   7.44874   -1.65119   0.1   13   8.4   8.9   56   
19   7.47629   -1.66271   0.1   16   8.9   9.4   57   
19   7.47017   -1.64775   0.1   16   9.4   9.9   65   
19   7.48026   -1.61552   0.1   13   9.9   10.4   53   
19   7.43761   -1.59151   0.1   14   10.4   10.9   65   
19   7.47802   -1.61944   0.1   13   10.9   11.4   50   
19   7.47651   -1.60612   0.1   12   11.4   11.9   58   
19   7.42135   -1.55588   0.1   9   11.9   12.4   40   
19   7.47276   -1.57975   0.1   11   12.4   12.9   39   
19   7.44669   -1.56328   0.1   12   12.9   13.4   52   
19   7.33058   -1.54869   0.1   7   13.4   13.9   50   
19   7.37915   -1.50539   0.1   9   13.9   14.4   44   
19   7.35089   -1.49377   0.075   7   14.4   14.9   33   
19   7.4103   -1.53297   0.075   8   14.9   15.4   45   
19   7.36713   -1.38372   0.075   6   15.4   15.9   42   
19   7.429   -1.44665   0.075   6   15.9   16.4   48   
19   7.30145   -1.42188   0.075   6   16.4   16.9   48   
19   7.32904   -1.53204   0.075   6   16.9   17.4   41   
19   7.00146   -2.04957   0.05   5   17.4   17.9   51   
19   7.40159   -1.49263   0.075   5   17.9   18.4   34   
19   7.30025   -1.40355   0.025   5   18.4   18.9   67   
19   7.23133   -1.06929   0.05   4   18.9   19.4   45   
19   7.3718   -1.42794   0.075   4   19.4   19.9   27   
19   7.51424   -1.43343   0.075   4   19.9   20.4   30   
19   7.35488   -1.64554   0.075   4   20.4   20.9   41   
19   7.29924   -1.94033   0.025   3   20.9   21.4   24   
20   7.52519   1.28488   0.175   10   -0.6   -0.1   127   
20   7.53412   1.26218   0.175   21   -0.1   0.4   141   
20   7.50533   1.24668   0.15   14   0.4   0.9   138   
20   7.50217   1.28568   0.15   18   0.9   1.4   134   
20   7.4785   1.28902   0.125   20   1.4   1.9   118   
20   7.47421   1.31756   0.125   15   1.9   2.4   110   
20   7.4707   1.34585   0.125   15   2.4   2.9   106   
20   7.44523   1.372   0.125   12   2.9   3.4   95   
20   7.44417   1.42173   0.125   18   3.4   3.9   91   
20   7.47093   1.44673   0.125   16   3.9   4.4   85   
20   7.46981   1.47173   0.125   15   4.4   4.9   75   
20   7.4637   1.53515   0.125   15   4.9   5.4   74   
20   7.44344   1.52173   0.1   12   5.4   5.9   62   
20   7.46149   1.54673   0.1   14   5.9   6.4   53   
20   7.42818   1.57173   0.1   12   6.4   6.9   67   
20   7.44688   1.62173   0.1   13   6.9   7.4   44   
20   7.44301   1.62173   0.1   13   7.4   7.9   48   
20   7.417   1.67173   0.1   14   7.9   8.4   42   
20   7.42754   1.69673   0.1   14   8.4   8.9   40   
20   7.42287   1.72173   0.1   10   8.9   9.4   36   
20   7.39083   1.77173   0.1   13   9.4   9.9   30   
20   7.40593   1.77173   0.1   13   9.9   10.4   47   
20   7.39928   1.74673   0.1   11   10.4   10.9   52   
20   7.38246   1.78905   0.1   10   10.9   11.4   40   
20   7.37292   1.79673   0.1   8   11.4   11.9   29   
20   7.38835   1.79673   0.1   7   11.9   12.4   26   
20   7.30178   1.71728   0.075   6   12.4   12.9   42   
20   7.72821   1.03273   0.075   6   12.9   13.4   44   
20   7.33107   1.78503   0.05   7   13.4   13.9   28   
20   7.29199   1.92173   0.05   5   13.9   14.4   24   
20   7.35841   1.97173   0.025   4   14.4   14.9   26   
20   7.64248   1.42289   0.05   5   14.9   15.4   54   
20   7.2241   1.58254   0.05   4   15.4   15.9   25   
20   7.3372   1.88644   0.05   4   15.9   16.4   15   
20   7.46797   1.91248   0.075   4   16.4   16.9   19   
20   7.8806   1.62173   0.075   5   16.9   17.4   17   
20   7.21281   1.4899   0.075   4   17.4   17.9   39   
20   7.25405   1.78355   0.075   4   17.9   18.4   35   
20   7.19295   1.74577   0.075   5   18.4   18.9   40   
20   7.05563   1.22579   0.025   3   18.9   19.4   38   
20   8.12729   1.1796   0.025   4   19.4   19.9   46   
20   7.53826   1.85338   0.025   3   19.9   20.4   28   
20   7.60355   0.840133   0.025   3   20.4   20.9   22   
20   7.05345   0.693224   0.05   4   20.9   21.4   25   
20   7.66498   1.55379   0.05   3   21.9   22.4   15   
21   -4.3865   -1.68405   0.1   13   -0.6   -0.1   146   
21   -4.41249   -1.59198   0.1   17   -0.1   0.4   143   
21   -4.40659   -1.50875   0.1   22   0.4   0.9   144   
21   -4.40161   -1.43369   0.1   23   0.9   1.4   156   
21   -4.34126   -1.32827   0.1   18   1.4   1.9   220   
21   -4.32435   -1.25327   0.1   17   1.9   2.4   218   
21   -4.30707   -1.15327   0.1   16   2.4   2.9   195   
21   -4.24367   -1.02827   0.1   15   2.9   3.4   166   
21   -4.19976   -0.953275   0.1   18   3.4   3.9   162   
21   -4.17499   -0.878275   0.1   19   3.9   4.4   118   
21   -4.12499   -0.853275   0.05   9   4.4   4.9   35   
21   -4.80868   -0.993239   0.075   5   15.9   16.4   15   
21   -4.77607   -1.25561   0.075   5   16.4   16.9   36   
22   -4.15212   7.1378   0.125   17   -0.6   -0.1   105   
22   -4.1764   7.12922   0.1   10   -0.1   0.4   109   
22   -4.17992   7.17384   0.1   18   0.4   0.9   109   
22   -4.17185   7.18005   0.1   13   0.9   1.4   100   
22   -4.1697   7.19197   0.1   20   1.4   1.9   114   
22   -4.17383   7.2264   0.1   23   1.9   2.4   149   
22   -4.17399   7.24908   0.1   19   2.4   2.9   130   
22   -4.18139   7.25865   0.1   15   2.9   3.4   131   
22   -4.18719   7.29673   0.1   17   3.4   3.9   108   
22   -4.17097   7.32173   0.1   20   3.9   4.4   127   
22   -4.17325   7.34673   0.1   23   4.4   4.9   115   
22   -4.18127   7.37173   0.1   19   4.9   5.4   95   
22   -4.18388   7.39673   0.1   18   5.4   5.9   81   
22   -4.18028   7.42173   0.1   19   5.9   6.4   73   
22   -4.17769   7.44673   0.1   19   6.4   6.9   72   
22   -4.24399   7.49673   0.1   17   6.9   7.4   74   
22   -4.24681   7.49673   0.1   14   7.4   7.9   54   
22   -4.23822   7.54673   0.075   12   7.9   8.4   53   
22   -4.25917   7.54673   0.075   10   8.4   8.9   47   
22   -4.23945   7.59673   0.075   10   8.9   9.4   38   
22   -4.25477   7.64673   0.075   10   9.4   9.9   26   
22   -4.27636   7.69673   0.075   8   9.9   10.4   31   
22   -4.30143   7.69673   0.075   10   10.4   10.9   27   
22   -4.29844   7.72173   0.075   8   10.9   11.4   22   
22   -4.27568   7.77173   0.075   9   11.4   11.9   39   
22   -4.31268   7.77173   0.075   10   11.9   12.4   27   
22   -4.29011   7.79673   0.075   10   12.4   12.9   37   
22   -4.36293   7.84673   0.05   7   12.9   13.4   19   
22   -4.34314   7.81911   0.05   6   13.4   13.9   26   
22   -4.36965   7.83971   0.025   4   13.9   14.4   10   
22   -4.27727   7.65599   0.025   3   14.9   15.4   8   
22   -3.87499   6.90392   0.05   4   15.9   16.4   19   
22   -4.11071   6.51202   0.075   4   16.4   16.9   20   
22   -3.83156   6.74683   0.075   6   16.9   17.4   33   
22   -4.40516   7.4349   0.05   4   17.4   17.9   46   
22   -4.46187   7.64938   0.075   4   17.9   18.4   39   
22   -4.06741   7.27049   0.075   6   18.4   18.9   73   
22   -3.92682   6.72058   0.05   4   18.9   19.4   21   
22   -4.63629   7.38961   0.025   3   19.4   19.9   16   
22   -4.47881   7.69679   0.05   4   19.9   20.4   30   
22   -4.343   7.36982   0.05   6   20.4   20.9   29   
22   -3.8887   7.82173   0.075   4   20.9   21.4   11   
22   -4.1287   7.37173   0.075   4   21.4   21.9   7   
23   4.67397   7.2439   0.175   17   -0.6   -0.1   149   
23   4.6622   7.26387   0.175   18   -0.1   0.4   148   
23   4.6305   7.26867   0.15   15   0.4   0.9   133   
23   4.61642   7.28536   0.15   21   0.9   1.4   156   
23   4.61087   7.30482   0.15   24   1.4   1.9   136   
23   4.61268   7.32426   0.15   25   1.9   2.4   135   
23   4.60077   7.32316   0.15   27   2.4   2.9   138   
23   4.61246   7.36159   0.125   24   2.9   3.4   122   
23   4.62159   7.36648   0.125   27   3.4   3.9   114   
23   4.63362   7.38701   0.125   12   3.9   4.4   105   
23   4.6546   7.42173   0.125   25   4.4   4.9   103   
23   4.6606   7.44673   0.125   21   4.9   5.4   90   
23   4.66685   7.47173   0.125   23   5.4   5.9   85   
23   4.67825   7.52173   0.125   20   5.9   6.4   89   
23   4.67896   7.54673   0.1   18   6.4   6.9   69   
23   4.69746   7.57173   0.1   16   6.9   7.4   65   
23   4.70057   7.59673   0.1   14   7.4   7.9   66   
23   4.70694   7.6312   0.1   15   7.9   8.4   75   
23   4.72343   7.65267   0.1   15   8.4   8.9   68   
23   4.71634   7.69673   0.1   14   8.9   9.4   46   
23   4.72501   7.74673   0.1   15   9.4   9.9   41   
23   4.75001   7.72173   0.1   13   9.9   10.4   47   
23   4.80287   7.77173   0.1   10   10.4   10.9   43   
23   4.77501   7.82173   0.1   13   10.9   11.4   40   
23   4.76312   7.84673   0.1   10   11.4   11.9   38   
23   4.75414   7.86092   0.1   9   11.9   12.4   32   
23   4.73571   7.86465   0.1   8   12.4   12.9   32   
23   4.76046   7.90369   0.075   9   12.9   13.4   24   
23   4.74934   7.87957   0.05   8   13.4   13.9   27   
23   4.80368   7.84514   0.075   6   13.9   14.4   27   
23   4.70361   7.98957   0.05   5   14.4   14.9   25   
23   4.78913   8.01006   0.075   4   14.9   15.4   13   
23   5.16088   7.15536   0.025   3   15.4   15.9   11   
23   4.31625   7.12847   0.025   3   15.9   16.4   18   
23   4.79088   7.0177   0.025   3   16.4   16.9   17   
23   4.7812   6.79279   0.05   3   16.9   17.4   11   
23   4.32166   7.79364   0.075   4   17.4   17.9   16   
23   4.00298   7.59262   0.05   3   17.9   18.4   15   
23   4.9933   7.39587   0.025   3   18.4   18.9   24   
23   4.10603   7.1337   0.05   4   18.9   19.4   37   
23   4.62639   7.27754   0.05   3   19.4   19.9   23   
23   4.27845   6.84088   0.05   3   19.9   20.4   16   
23   5.23473   6.99048   0.025   3   20.4   20.9   36   
23   4.44216   7.34168   0.05   3   20.9   21.4   29   
23   4.29369   7.38532   0.025   3   21.4   21.9   32   
23   4.21683   7.73866   0.025   3   21.9   22.4   23   
24   7.39655   -4.92848   0.2   28   -0.6   -0.1   221   
24   7.38783   -4.92281   0.2   24   -0.1   0.4   214   
24   7.39063   -4.87502   0.2   27   0.4   0.9   195   
24   7.3892   -4.85952   0.2   22   0.9   1.4   198   
24   7.37452   -4.81313   0.175   17   1.4   1.9   184   
24   7.40272   -4.79864   0.175   30   1.9   2.4   162   
24   7.42966   -4.777   0.2   30   2.4   2.9   166   
24   7.421   -4.75926   0.175   29   2.9   3.4   141   
24   7.43838   -4.73591   0.175   28   3.4   3.9   135   
24   7.45966   -4.73783   0.175   36   3.9   4.4   126   
24   7.48164   -4.69185   0.175   29   4.4   4.9   116   
24   7.49048   -4.68486   0.175   33   4.9   5.4   121   
24   7.5105   -4.68532   0.175   31   5.4   5.9   114   
24   7.53736   -4.68358   0.175   30   5.9   6.4   144   
24   7.54878   -4.68116   0.175   24   6.4   6.9   85   
24   7.57501   -4.65328   0.175   24   6.9   7.4   92   
24   7.57501   -4.65328   0.175   20   7.4   7.9   72   
24   7.60001   -4.63364   0.175   20   7.9   8.4   64   
24   7.60001   -4.62827   0.15   18   8.4   8.9   63   
24   7.62501   -4.62827   0.175   21   8.9   9.4   73   
24   7.62501   -4.62525   0.15   16   9.4   9.9   58   
24   7.66825   -4.60728   0.175   15   9.9   10.4   50   
24   7.69448   -4.60328   0.15   17   10.4   10.9   47   
24   7.70001   -4.60328   0.175   16   10.9   11.4   42   
24   7.70001   -4.60263   0.15   14   11.4   11.9   50   
24   7.74085   -4.60999   0.175   11   11.9   12.4   39   
24   7.74332   -4.60328   0.15   12   12.4   12.9   36   
24   7.71901   -4.6023   0.15   13   12.9   13.4   40   
24   7.73547   -4.60985   0.15   13   13.4   13.9   39   
24   7.66905   -4.60328   0.1   10   13.9   14.4   39   
24   7.72779   -4.62827   0.1   8   14.4   14.9   32   
24   7.6557   -4.47459   0.1   7   14.9   15.4   41   
24   7.65   -4.70506   0.05   7   15.4   15.9   39   
24   7.6795   -4.5463   0.075   6   15.9   16.4   27   
24   6.70084   -4.7385   0.05   5   16.4   16.9   42   
24   7.60836   -4.54372   0.075   4   16.9   17.4   38   
24   7.67621   -5.46322   0.05   5   17.4   17.9   37   
24   7.66294   -4.55001   0.075   6   17.9   18.4   18   
24   7.60554   -4.62269   0.05   4   18.4   18.9   41   
24   6.71727   -4.94904   0.075   4   18.9   19.4   38   
24   7.67394   -4.7025   0.075   4   19.4   19.9   29   
24   7.89086   -5.19456   0.075   3   19.9   20.4   10   
24   7.0583   -4.3952   0.075   3   20.9   21.4   11   
24   6.78013   -4.4725   0.025   3   21.4   21.9   18   
24   7.47583   -4.61925   0.05   3   22.4   22.9   8   
25   -4.52568   -7.83655   0.1   13   -0.6   -0.1   101   
25   -4.54784   -7.81765   0.1   19   -0.1   0.4   91   
25   -4.53566   -7.82435   0.1   12   0.4   0.9   82   
25   -4.56256   -7.80085   0.1   15   0.9   1.4   81   
25   -4.57435   -7.81524   0.1   17   1.4   1.9   96   
25   -4.56039   -7.80081   0.1   20   1.9   2.4   93   
25   -4.57265   -7.81172   0.1   18   2.4   2.9   93   
25   -4.57562   -7.78629   0.1   15   2.9   3.4   103   
25   -4.58166   -7.78954   0.075   12   3.4   3.9   89   
25   -4.5901   -7.79178   0.075   16   3.9   4.4   82   
25   -4.59153   -7.79937   0.075   12   4.4   4.9   79   
25   -4.57758   -7.78377   0.075   16   4.9   5.4   87   
25   -4.61084   -7.76452   0.075   13   5.4   5.9   93   
25   -4.62302   -7.78645   0.075   13   5.9   6.4   85   
25   -4.62718   -7.79206   0.075   11   6.4   6.9   73   
25   -4.65273   -7.76126   0.075   16   6.9   7.4   89   
25   -4.63229   -7.7477   0.075   13   7.4   7.9   65   
25   -4.66627   -7.76945   0.075   13   7.9   8.4   53   
25   -4.66475   -7.70232   0.075   13   8.4   8.9   68   
25   -4.67409   -7.70634   0.075   11   8.9   9.4   101   
25   -4.67672   -7.72768   0.075   13   9.4   9.9   63   
25   -4.6673   -7.70188   0.075   10   9.9   10.4   70   
25   -4.68769   -7.67362   0.075   12   10.4   10.9   46   
25   -4.69602   -7.65328   0.075   10   10.9   11.4   35   
25   -4.62564   -7.63917   0.075   9   11.4   11.9   45   
25   -4.72375   -7.61814   0.075   9   11.9   12.4   39   
25   -4.76784   -7.6559   0.075   7   12.4   12.9   43   
25   -4.72268   -7.58373   0.075   8   12.9   13.4   62   
25   -4.67521   -7.60298   0.025   6   13.4   13.9   51   
25   -4.69015   -7.53604   0.05   6   13.9   14.4   36   
25   -4.82117   -7.47584   0.05   6   14.4   14.9   41   
25   -4.69907   -7.49178   0.075   6   14.9   15.4   43   
25   -4.688   -7.55516   0.075   6   15.4   15.9   54   
25   -4.72256   -7.52927   0.075   6   15.9   16.4   43   
25   -4.80915   -7.4922   0.05   4   16.4   16.9   59   
25   -5.13259   -7.83723   0.075   5   16.9   17.4   41   
25   -4.82817   -7.37878   0.075   6   17.4   17.9   50   
25   -4.72752   -7.14891   0.075   6   17.9   18.4   36   
25   -4.67474   -7.59559   0.05   4   18.4   18.9   58   
25   -3.9949   -7.79579   0.075   5   18.9   19.4   42   
25   -4.49629   -7.4921   0.05   4   19.4   19.9   46   
25   -4.97192   -7.32974   0.075   3   19.9   20.4   22   
25   -4.5769   -8.46126   0.05   4   20.4   20.9   16   
25   -4.44351   -7.80328   0.025   3   21.4   21.9   5   
26   -7.42135   -4.73647   0.1   16   -0.6   -0.1   118   
26   -7.36796   -4.71517   0.1   14   -0.1   0.4   119   
26   -7.34846   -4.66666   0.1   12   0.4   0.9   96   
26   -7.33431   -4.58067   0.1   18   0.9   1.4   103   
26   -7.33259   -4.55318   0.1   21   1.4   1.9   100   
26   -7.32885   -4.51286   0.125   16   1.9   2.4   94   
26   -7.2493   -4.48233   0.1   22   2.4   2.9   86   
26   -7.24813   -4.44201   0.1   20   2.9   3.4   106   
26   -7.23036   -4.41701   0.1   13   3.4   3.9   103   
26   -7.19984   -4.34194   0.1   17   3.9   4.4   112   
26   -7.17484   -4.32078   0.1   19   4.4   4.9   106   
26   -7.12484   -4.29201   0.1   17   4.9   5.4   93   
26   -7.12484   -4.26701   0.1   18   5.4   5.9   88   
26   -7.07484   -4.19201   0.1   17   5.9   6.4   85   
26   -7.04984   -4.16701   0.1   17   6.4   6.9   74   
26   -7.04984   -4.14201   0.1   21   6.9   7.4   83   
26   -6.99035   -4.11701   0.1   13   7.4   7.9   66   
26   -6.97484   -4.06701   0.1   14   7.9   8.4   56   
26   -6.94984   -4.01701   0.075   11   8.4   8.9   41   
26   -6.97484   -3.99201   0.075   7   8.9   9.4   24   
26   -6.94984   -4.01701   0.075   7   9.4   9.9   12   
26   -6.92484   -4.01701   0.05   5   9.9   10.4   6   
26   -7.4253   -4.06701   0.025   5   10.4   10.9   15   
26   -6.97484   -4.26701   0.05   4   13.9   14.4   8   
26   -6.94984   -5.0268   0.075   3   16.9   17.4   8   
26   -7.19234   -5.15705   0.05   4   17.4   17.9   21   
26   -7.66492   -4.85859   0.05   5   17.9   18.4   48   
26   -7.54835   -4.95675   0.075   4   18.4   18.9   58   
26   -7.67375   -5.13527   0.025   4   18.9   19.4   34   
26   -7.26942   -4.31057   0.05   5   19.4   19.9   61   
26   -7.08248   -5.105   0.075   5   19.9   20.4   23   
26   -7.01302   -4.81636   0.05   3   20.4   20.9   19   
26   -7.48733   -4.26794   0.075   4   20.9   21.4   26   
26   -7.36469   -5.12519   0.025   3   21.4   21.9   17   
27   4.75869   4.26455   0.125   22   -0.6   -0.1   119   
27   4.73348   4.31343   0.125   19   -0.1   0.4   111   
27   4.69056   4.33612   0.1   18   0.4   0.9   103   
27   4.66522   4.37416   0.1   20   0.9   1.4   93   
27   4.65794   4.41288   0.125   21   1.4   1.9   107   
27   4.65681   4.467   0.125   22   1.9   2.4   119   
27   4.65872   4.49902   0.125   19   2.4   2.9   113   
27   4.64895   4.54988   0.1   13   2.9   3.4   115   
27   4.61787   4.62363   0.075   11   3.4   3.9   129   
27   4.62491   4.67561   0.075   14   3.9   4.4   124   
27   4.63705   4.73299   0.075   18   4.4   4.9   128   
27   4.64038   4.75799   0.075   16   4.9   5.4   121   
27   4.65232   4.83299   0.075   14   5.4   5.9   109   
27   4.65061   4.88299   0.075   15   5.9   6.4   111   
27   4.65775   4.93299   0.075   11   6.4   6.9   101   
27   4.65901   4.95799   0.075   14   6.9   7.4   89   
27   4.65159   4.98299   0.075   13   7.4   7.9   89   
27   4.6747   5.03299   0.075   16   7.9   8.4   80   
27   4.90327   4.48299   0.05   8   8.4   8.9   48   
27   4.6195   5.05799   0.05   7   8.9   9.4   45   
27   4.91075   4.53605   0.075   10   9.4   9.9   46   
27   4.81789   4.47518   0.05   9   9.9   10.4   62   
27   4.85827   4.52929   0.05   10   10.4   10.9   64   
27   4.85016   4.54682   0.05   9   10.9   11.4   36   
27   4.87624   4.59466   0.025   7   11.4   11.9   29   
27   4.85016   4.57535   0.025   7   11.9   12.4   28   
27   4.85726   4.59888   0.025   7   12.4   12.9   30   
27   4.82772   4.61139   0.05   7   12.9   13.4   33   
27   4.33965   4.96506   0.05   4   13.4   13.9   26   
27   4.83826   4.69533   0.05   5   13.9   14.4   22   
27   4.84023   4.73343   0.05   6   14.4   14.9   26   
27   4.85101   4.80112   0.05   5   14.9   15.4   37   
27   4.86815   4.80772   0.05   5   15.4   15.9   29   
27   4.44575   5.0652   0.075   5   15.9   16.4   33   
27   4.12774   4.50798   0.025   4   16.4   16.9   36   
27   4.0771   4.24817   0.05   4   16.9   17.4   32   
27   4.28886   4.27727   0.075   5   17.4   17.9   35   
27   5.00709   4.60634   0.075   5   17.9   18.4   51   
27   4.13442   4.30501   0.05   4   18.4   18.9   57   
27   4.97438   4.21149   0.075   4   18.9   19.4   21   
27   4.30688   4.70037   0.025   3   19.4   19.9   21   
27   3.98571   4.50492   0.025   3   19.9   20.4   41   
27   4.03702   4.40799   0.025   3   20.4   20.9   10   
27   4.55114   4.75799   0.05   5   20.9   21.4   15   
28   7.66708   4.28498   0.075   12   -0.6   -0.1   60   
28   7.65018   4.29143   0.075   9   -0.1   0.4   74   
28   7.64171   4.32194   0.075   14   0.4   0.9   77   
28   7.62383   4.34854   0.075   13   0.9   1.4   77   
28   7.61147   4.35646   0.075   12   1.4   1.9   79   
28   7.57603   4.38958   0.075   16   1.9   2.4   71   
28   7.54406   4.42017   0.075   12   2.4   2.9   67   
28   7.53498   4.44852   0.075   14   2.9   3.4   70   
28   7.53391   4.51255   0.075   12   3.4   3.9   69   
28   7.53012   4.48053   0.075   11   3.9   4.4   67   
28   7.47011   4.55799   0.05   12   4.4   4.9   52   
28   7.50348   4.60799   0.075   12   4.9   5.4   64   
28   7.47366   4.55799   0.075   13   5.4   5.9   59   
28   7.42466   4.63299   0.075   12   5.9   6.4   72   
28   7.38173   4.68893   0.075   13   6.4   6.9   57   
28   7.35457   4.83986   0.075   10   6.9   7.4   78   
28   7.32742   4.8642   0.075   10   7.4   7.9   54   
28   7.33287   4.88785   0.075   11   7.9   8.4   51   
28   7.29326   4.97646   0.075   10   8.4   8.9   111   
28   7.32957   3.91711   0.075   8   8.9   9.4   263   
28   8.04117   4.32695   0.075   9   9.4   9.9   275   
28   8.03446   4.299   0.075   7   9.9   10.4   64   
28   7.35067   4.95799   0.075   4   10.4   10.9   6   
28   7.33117   4.75866   0.05   4   10.9   11.4   22   
28   7.44016   4.95799   0.05   3   11.4   11.9   7   
28   7.26172   4.88413   0.05   3   11.9   12.4   9   
28   7.15552   4.86065   0.075   5   12.4   12.9   29   
28   7.33084   3.82512   0.075   3   14.9   15.4   5   
28   7.31556   4.10034   0.075   6   15.4   15.9   27   
28   7.12725   4.02105   0.075   3   15.9   16.4   9   
28   7.88537   3.81587   0.075   5   16.4   16.9   29   
28   7.12741   3.9516   0.075   5   16.9   17.4   25   
28   8.18302   4.13733   0.075   5   17.4   17.9   31   
28   7.70242   4.00324   0.075   6   17.9   18.4   52   
28   7.06177   4.43523   0.05   4   18.4   18.9   18   
28   6.98489   4.45564   0.075   5   18.9   19.4   31   
28   6.9153   4.37183   0.075   6   19.4   19.9   35   
28   7.16613   3.85319   0.025   4   19.9   20.4   27   
29   -7.57601   -7.6875   0.075   10   -0.6   -0.1   80   
29   -7.62344   -7.64683   0.1   18   -0.1   0.4   73   
29   -7.63053   -7.60443   0.1   15   0.4   0.9   73   
29   -7.62609   -7.58746   0.1   16   0.9   1.4   63   
29   -7.61299   -7.55186   0.1   16   1.4   1.9   63   
29   -7.61847   -7.5173   0.1   15   1.9   2.4   60   
29   -7.62586   -7.51336   0.075   9   2.4   2.9   64   
29   -7.61475   -7.48161   0.075   13   2.9   3.4   67   
29   -7.6648   -7.44201   0.075   12   3.4   3.9   69   
29   -7.64994   -7.41701   0.075   11   3.9   4.4   47   
29   -7.64546   -7.39201   0.075   9   4.4   4.9   72   
29   -7.63723   -7.36701   0.075   16   4.9   5.4   86   
29   -7.64726   -7.29201   0.075   14   5.4   5.9   75   
29   -7.64715   -7.26701   0.075   15   5.9   6.4   61   
29   -7.64774   -7.21701   0.075   15   6.4   6.9   48   
29   -7.6405   -7.16701   0.075   15   6.9   7.4   54   
29   -7.644   -7.11701   0.075   14   7.4   7.9   46   
29   -7.65276   -7.09201   0.075   14   7.9   8.4   47   
29   -7.66361   -7.01701   0.075   12   8.4   8.9   45   
29   -7.64614   -6.99201   0.075   10   8.9   9.4   38   
29   -7.623   -6.91701   0.075   14   9.4   9.9   39   
29   -7.6091   -6.91701   0.075   9   9.9   10.4   30   
29   -7.57365   -6.84201   0.05   7   10.4   10.9   19   
29   -7.60419   -6.89201   0.025   5   10.9   11.4   13   
29   -7.45075   -8.03442   0.025   5   15.9   16.4   17   
29   -8.23096   -7.4772   0.05   6   16.4   16.9   101   
29   -7.98179   -8.15438   0.075   7   16.9   17.4   73   
29   -7.94264   -7.97464   0.075   6   17.4   17.9   98   
29   -8.07784   -7.35805   0.075   6   17.9   18.4   99   
29   -7.82792   -7.38981   0.075   5   18.4   18.9   36   
29   -7.78561   -7.53863   0.075   7   18.9   19.4   65   
29   -7.69584   -8.07432   0.075   4   19.4   19.9   25   
29   -7.38116   -7.53028   0.05   4   19.9   20.4   34   
29   -8.20639   -7.72627   0.025   3   20.4   20.9   15   
29   -7.51441   -7.86469   0.05   4   20.9   21.4   21   
29   -7.73036   -8.15064   0.075   3   21.4   21.9   8   
